1
116,109,117,113,89,68,66,92,141,166,155,123,103,109,129,133,116,86,51,28,23,19,17,29,55,71,77,114,160,177,170,163,153,137,109,96,82,69,59,51,49,52,51,55,74,90,100,91,73,64,52,42,40,44,44,42,48,68,82,72,65,75,97,98,84,75,101,125,114,59,4,-10,7,12,6,9,21,17,-3,-11,-2,22,43,45,33,8,-3,-2,7,28,54,73,82,84,64,24,8,24,39,39,41,42,44,104
86,90,83,69,67,71,71,67,59,59,71,90,108,107,102,96,88,80,72,76,64,35,27,37,36,23,24,50,86,96,68,49,51,59,55,48,36,23,7,-6,-7,5,26,51,80,105,118,99,65,54,66,74,70,67,54,38,32,39,57,56,41,35,53,82,89,87,82,84,105,106,102,93,86,65,44,33,33,38,43,59,69,71,75,73,70,69,71,77,75,64,50,39,25,19,95
88,89,83,70,67,69,55,44,60,75,76,81,86,101,128,138,137,130,115,100,93,93,113,131,116,75,69,97,123,149,152,140,139,133,114,98,88,87,96,103,107,113,105,90,86,80,70,64,65,74,81,75,66,59,65,74,88,88,69,43,27,26,39,41,35,41,55,52,38,22,25,50,65,59,45,39,59,87,98,89,91,97,103,118,136,149,150,141,135,124,103,83,71,68,73,72,64,61,81,98,93,86,92,104
81,92,104,103,90,67,53,64,96,100,80,56,38,41,57,72,71,64,53,41,34,44,73,93,103,99,96,100,123,146,130,99,83,77,71,52,25,16,19,26,33,20,-5,-5,24,48,55,53,51,55,58,67,87,117,118,96,76,73,83,82,68,60,55,51,44,33,18,21,36,44,53,65,76,83,80,81,84,88,92,88,92,115,125,132,129,116,99,87,76,75,88,101,102,109,121,108,81,64,67,72,60,40,36,104
50,44,33,28,41,59,66,52,59,80,82,77,84,102,109,83,59,68,83,83,69,45,41,43,43,44,52,55,48,17,1,11,37,55,70,76,81,85,82,74,81,92,92,87,90,102,99,80,66,69,68,55,50,57,67,77,100,119,109,82,69,72,72,59,38,6,-26,-42,-38,-29,-25,-22,-11,8,23,38,70,99,102,96,107,135,133,105,89,97,98,89,71,65,68,80,83,82,84,74,55,39,35,40,48,60,76,85,105
88,72,73,83,72,52,51,70,82,76,65,49,51,68,85,82,69,61,48,41,55,68,60,56,56,57,66,60,45,39,48,57,58,39,19,10,8,2,-2,16,43,65,54,37,42,66,74,59,45,42,44,45,33,19,12,21,24,23,28,44,60,69,81,88,85,72,57,50,44,54,59,58,48,27,18,24,49,88,100,76,69,80,76,69,68,76,86,84,84,82,61,50,59,84,96,80,48,35,51,72,73,67,82,104
49,48,45,56,83,92,81,60,51,68,100,117,106,97,88,84,92,105,98,81,88,106,123,131,116,98,90,96,99,96,82,66,48,33,42,68,83,96,96,74,64,60,58,57,71,88,87,73,66,87,108,103,89,92,102,103,100,98,100,120,133,124,131,140,135,109,83,71,69,54,33,20,19,22,29,36,33,40,56,75,81,60,49,51,55,54,51,49,36,23,22,28,42,58,73,72,53,50,68,89,97,97,96,97,92,92,97,99,103,113,103,76,59,114
99,92,90,96,106,105,91,71,56,52,44,32,27,36,41,38,44,66,77,65,36,39,57,65,58,48,43,54,64,73,102,130,118,89,75,82,83,71,69,77,89,100,99,82,83,103,107,87,75,84,88,82,82,92,114,114,103,92,84,84,91,87,69,54,55,72,84,75,65,59,74,100,119,129,115,123,154,163,149,147,162,177,167,138,123,122,121,108,99,101,99,93,81,64,54,50,53,59,64,68,80,85,84,104
101,103,103,106,107,106,102,97,98,97,85,64,35,23,28,42,50,42,43,52,59,80,104,113,104,89,72,55,49,45,55,67,71,56,40,42,54,76,91,99,104,112,112,89,70,74,96,115,107,82,57,42,44,60,71,77,102,140,138,99,73,86,104,101,88,87,73,55,41,36,25,16,25,49,61,69,68,54,38,32,34,45,56,51,36,25,29,51,67,74,81,75,58,49,69,75,59,50,66,83,83,70,59,72,105
136,128,104,83,75,80,66,38,21,17,16,17,21,32,39,39,35,27,41,74,92,92,90,84,80,81,77,75,60,48,45,56,72,76,82,86,71,53,52,61,80,91,88,73,75,104,136,139,119,101,89,96,109,117,103,76,57,55,65,74,77,72,56,52,56,61,65,75,100,116,113,109,116,113,105,106,114,107,90,80,71,74,83,88,87,87,93,102,102,100,109,116,114,109,106,90,65,38,26,38,101
102,89,88,97,73,23,-13,-22,5,49,85,120,153,151,124,117,134,150,146,121,84,49,21,13,32,52,82,108,112,105,112,112,98,86,84,93,103,101,85,75,61,50,60,74,65,41,27,17,6,2,0,3,17,36,51,49,23,-4,-12,-3,5,3,-7,-4,23,38,48,89,120,99,73,75,106,121,96,56,51,82,113,123,134,132,103,75,66,65,56,44,41,48,51,38,19,7,8,10,10,10,13,28,52,53,67,104
103,91,88,84,97,122,130,121,134,149,137,101,66,49,48,43,48,55,48,36,41,53,59,58,52,45,44,56,66,61,57,59,60,59,56,58,68,76,76,65,57,57,49,38,41,40,35,28,23,37,56,59,37,43,53,67,74,82,92,92,70,64,75,82,70,42,34,41,54,72,89,89,74,58,41,22,6,17,65,103,101,68,33,36,86,132,136,104,82,87,88,81,75,74,83,98,108,124,138,135,113,107,113,81,37,17,27,67,90,74,52,53,113
64,61,51,57,82,96,100,109,114,105,105,107,106,105,86,81,87,88,99,115,104,81,73,105,146,123,82,57,56,83,97,85,70,50,38,44,60,74,86,120,153,171,161,139,150,179,187,170,156,138,109,100,99,101,86,56,51,72,99,115,106,87,98,116,115,104,93,85,73,48,26,21,16,9,24,65,92,129,118,57,25,33,43,55,59,41,28,38,56,72,69,61,48,33,38,54,69,65,52,45,61,89,113,104
71,50,36,48,74,96,114,115,105,96,82,65,40,25,13,13,32,50,49,38,33,45,69,87,100,99,92,85,86,102,116,121,118,104,92,97,92,73,59,67,85,85,74,70,70,66,53,50,44,38,32,20,17,28,40,49,57,65,74,88,101,113,125,122,103,86,81,82,65,41,41,60,76,80,72,75,80,80,70,65,83,100,102,86,73,75,88,92,86,87,104,113,97,72,72,99,116,118,112,106,114,116,99,85,105
98,86,74,67,58,43,27,19,27,42,58,66,75,87,92,103,105,100,85,64,48,51,52,54,57,82,116,129,120,101,80,56,36,24,27,37,27,19,26,42,61,75,90,97,99,85,73,77,82,69,59,70,80,77,51,9,4,56,114,130,118,91,65,45,32,19,24,42,42,28,33,56,70,70,60,55,54,38,11,21,70,103,97,76,74,70,60,56,65,76,89,105,106,112,129,135,131,130,137,100
60,90,114,102,80,66,57,44,28,11,-8,-29,-42,-36,-23,-11,-9,-7,-8,-20,-22,1,40,56,50,54,77,86,58,32,16,10,8,6,12,22,26,22,22,23,37,52,49,33,28,33,26,13,12,26,40,54,81,112,129,134,136,146,152,147,125,96,73,64,52,29,9,23,67,81,69,50,28,24,42,55,54,50,50,51,51,57,65,57,51,55,57,52,58,87,90,85,76,67,57,51,54,64,99
216,228,230,197,149,123,120,103,83,58,37,21,23,35,32,12,0,-4,-3,-19,-50,-72,-78,-67,-68,-85,-88,-74,-54,-34,-18,-12,-25,-57,-81,-72,-40,-22,-26,-29,-18,-6,-2,11,28,35,29,16,8,16,13,18,33,40,35,29,28,32,36,44,43,38,52,84,99,74,43,26,22,20,24,38,49,43,43,48,48,48,42,45,55,56,49,34,29,49,74,87,82,84,99,102,89,82,83,80,70,64,73,103,138,155,139,117,105
80,92,97,101,106,101,89,92,105,108,99,82,68,69,87,108,114,99,75,59,51,53,50,43,49,60,72,80,88,84,83,92,106,102,83,82,90,90,76,57,53,67,90,113,129,122,101,75,71,85,90,76,59,54,55,61,61,67,77,80,60,39,25,29,44,45,43,55,68,61,44,33,27,49,87,105,104,112,114,105,98,106,113,92,67,48,42,45,41,40,56,66,65,71,72,53,36,24,19,24,38,55,84,104
54,35,33,55,92,109,99,84,76,77,80,72,69,75,76,72,84,97,106,109,103,90,84,83,68,41,26,37,57,56,29,24,45,60,73,89,88,73,60,54,65,88,91,83,91,108,104,97,92,90,91,89,84,84,89,92,76,66,81,92,84,70,71,87,92,83,68,59,65,67,58,55,70,86,90,85,74,69,65,54,56,68,60,28,12,36,75,97,92,86,80,68,53,40,41,67,85,74,66,59,64,74,73,59,105
17,29,50,60,51,33,29,43,58,56,36,16,19,21,12,7,16,34,44,35,22,24,33,45,58,58,29,9,8,9,7,23,52,81,89,92,98,102,116,136,146,139,121,97,88,100,117,114,97,74,59,42,26,25,26,20,19,32,56,74,77,81,88,85,70,59,57,61,60,49,49,67,83,89,93,105,115,119,117,105,103,89,68,53,44,39,32,21,24,43,48,36,29,51,84,101,86,75,103,138,147,134,114,104
68,68,65,69,80,83,69,53,53,64,61,52,52,61,67,50,36,48,75,105,124,138,152,156,151,147,138,130,119,114,116,118,101,71,56,72,99,99,85,59,35,8,-18,-22,-13,-9,-4,-10,-7,-1,6,26,51,66,70,68,61,65,65,59,52,50,75,105,122,121,112,102,104,115,128,136,133,106,72,55,50,56,82,105,102,77,72,89,108,105,84,61,64,74,76,72,70,69,59,50,52,72,86,82,74,70,59,104
45,48,43,53,57,65,75,83,85,77,71,65,77,105,113,85,58,68,92,91,84,90,93,88,82,72,61,65,73,83,90,90,84,84,88,97,99,86,82,89,91,73,64,73,100,103,84,57,52,69,93,112,118,105,88,82,81,85,82,59,52,67,83,83,83,82,90,108,116,100,89,98,100,85,82,86,77,59,55,74,92,85,66,57,67,65,48,32,50,51,44,43,59,76,71,42,29,50,74,86,72,56,103
85,80,51,39,51,65,67,67,71,76,76,69,72,76,77,80,67,49,34,26,29,36,48,64,72,77,97,112,106,86,75,73,65,52,49,49,49,44,44,55,68,68,49,40,65,97,108,93,74,65,64,60,59,73,84,71,49,43,60,76,70,59,68,70,57,50,54,65,60,39,21,39,92,112,88,67,71,75,60,38,35,41,51,57,56,53,43,26,11,13,23,32,27,26,28,26,22,39,67,81,73,64,77,104,112,102,90,84,81,73,55,40,113
48,51,60,73,82,81,84,97,100,75,45,38,50,58,57,55,51,65,92,118,130,108,74,57,51,37,17,0,-12,-10,-11,-11,-6,-7,-10,-21,-33,-27,-8,12,23,17,13,28,50,81,103,130,146,139,125,123,141,176,192,169,130,90,71,58,38,24,33,61,96,107,103,103,117,138,152,164,157,129,89,69,68,70,58,57,86,97,69,48,38,33,26,26,36,53,64,58,48,48,67,76,59,53,64,71,70,58,55,72,105
99,74,68,71,69,64,68,86,99,86,64,65,90,120,132,123,116,115,122,124,112,93,82,81,83,81,67,51,34,12,-1,7,25,38,51,50,52,57,65,66,61,65,64,39,28,44,65,84,86,81,82,88,88,84,73,60,69,81,74,57,58,91,105,97,98,108,122,115,84,59,61,82,89,74,54,35,17,8,17,20,17,20,34,42,26,-13,-44,-38,-8,11,22,33,59,86,100,103,100,113,125,115,103,106,103
