1
89,104,103,105,121,133,130,131,144,154,166,173,179,170,156,144,133,138,162,170,167,163,156,157,171,181,179,173,166,162,172,172,156,147,135,129,125,124,133,141,151,155,152,146,160,176,153,137,153,161,151,135,115,116,116,96,76,80,97,104,99,100,106,102,97,87,99,112,108,119,131,117,103,96,85,91,99,101,97,98,113,113,101,90,75,72,77,84,87,75,58,45,43,44,95
103,116,113,91,71,37,2,2,20,28,18,9,38,90,120,112,85,66,53,35,23,43,56,32,20,40,84,112,102,87,85,69,40,32,42,73,100,101,88,84,91,101,115,130,138,131,113,83,60,68,74,65,66,68,65,75,90,89,85,89,89,92,90,70,52,22,1,6,29,48,48,41,41,49,64,75,84,88,83,68,68,70,71,71,75,87,82,65,65,83,77,42,22,29,48,53,54,87,140,177,176,161,160,165,105
103,88,73,61,52,33,11,3,11,23,29,43,56,44,24,26,24,1,-13,-19,-11,-8,-13,-22,-33,-29,-5,13,4,-11,-21,-28,-36,-34,-27,-21,-23,-33,-44,-61,-67,-59,-66,-75,-86,-87,-44,10,12,-11,-27,-24,-2,25,50,55,48,36,29,16,-4,-12,-9,3,1,-21,-26,-22,-18,-22,-42,-50,-37,-24,-9,-1,6,12,17,17,10,11,6,-2,17,58,66,37,16,16,32,41,28,13,9,7,5,4,11,23,27,39,50,104
197,181,169,177,192,208,214,209,193,163,140,146,153,153,148,133,118,119,135,136,113,106,117,109,90,82,84,83,69,48,34,33,32,24,17,16,16,3,-17,-25,-23,-26,-20,-11,-10,-18,-24,-28,-24,-18,-25,-42,-45,-29,-25,-34,-36,-23,-6,1,-5,-17,-13,-5,1,-10,-27,-36,-37,-33,-35,-41,-38,-24,-23,-30,-22,-18,-44,-60,-41,-6,6,-1,1,17,12,-7,-14,-9,-5,-6,-14,-13,-7,-5,-6,-7,-2,3,-8,-26,-24,104
67,44,33,22,21,22,17,0,-6,4,4,-13,-29,-33,-29,-34,-45,-60,-73,-88,-94,-90,-94,-109,-126,-150,-168,-178,-190,-206,-209,-196,-178,-155,-137,-126,-134,-142,-150,-164,-165,-139,-123,-134,-148,-140,-121,-115,-117,-115,-113,-108,-114,-109,-110,-133,-150,-153,-141,-138,-145,-151,-164,-168,-154,-138,-130,-131,-136,-137,-133,-138,-140,-133,-131,-145,-170,-195,-212,-219,-219,-234,-254,-269,-275,-276,-279,-291,-307,-305,-296,-294,-294,-286,-264,-225,-173,-131,-91,-58,-33,-6,25,52,105
-27,-37,-59,-57,-41,-45,-81,-93,-69,-43,-49,-77,-106,-102,-87,-76,-77,-81,-60,-52,-55,-53,-59,-82,-88,-97,-106,-105,-87,-34,20,17,-17,-27,13,65,61,38,20,35,73,56,1,-28,-11,26,33,11,20,37,22,-20,-53,-52,-25,-6,-1,-8,-28,-43,-55,-59,-50,-27,-18,-20,-28,-14,12,20,20,22,6,-5,-17,-35,-34,-9,7,21,34,23,9,40,99,122,103,76,74,77,83,85,91,101,100,77,48,32,44,54,45,25,20,18,11,24,59,81,84,87,85,81,113
-38,-4,-81,-152,-212,-204,-189,-177,-166,-235,-387,-427,-354,-293,-381,-523,-534,-466,-392,-313,-331,-428,-481,-441,-378,-332,-254,-202,-225,-290,-292,-230,-162,-149,-181,-269,-328,-309,-262,-225,-216,-216,-214,-234,-231,-194,-177,-165,-182,-193,-203,-214,-233,-237,-180,-154,-147,-148,-169,-180,-166,-155,-140,-122,-90,-62,-123,-180,-129,-75,-70,-58,-29,-12,-35,-69,-41,23,35,40,74,85,22,-34,-21,16,59,24,-65,-75,-49,-13,-27,-98,-126,-104,-37,107,211,152,-10,-58,26,80,105
116,103,89,93,124,137,122,102,83,61,50,51,53,50,50,59,50,12,5,43,76,73,60,52,40,36,50,64,75,81,82,101,108,93,92,105,97,82,69,60,44,37,41,37,32,20,3,-5,21,56,58,43,34,48,70,82,76,77,84,84,90,86,52,41,97,153,152,112,100,114,123,134,133,106,75,71,81,80,68,59,59,67,65,38,29,35,37,32,28,39,77,147,200,215,196,166,153,152,160,155,137,106,69,104
53,51,37,33,55,71,59,54,55,55,56,61,68,80,87,86,88,116,136,130,114,117,144,162,163,147,120,100,90,73,54,60,68,74,97,121,122,100,76,73,76,84,96,104,108,101,72,40,36,61,86,84,59,32,24,35,49,41,27,18,25,42,41,20,-7,-10,2,11,-2,-40,-53,-23,10,33,57,57,58,64,67,87,137,193,212,198,171,160,144,128,146,161,136,92,60,44,39,40,37,25,27,25,7,-11,-26,104
184,197,192,169,133,86,42,22,28,42,65,72,58,53,55,43,10,-23,-40,-43,-29,-19,-6,-12,-25,-33,-41,-53,-66,-58,-20,-4,-18,-17,11,61,105,92,40,0,-5,6,18,8,-7,-5,-10,-34,-38,-17,-4,-24,-70,-108,-118,-114,-106,-91,-74,-66,-67,-72,-67,-70,-88,-109,-113,-81,-69,-99,-122,-100,-41,8,23,17,9,16,29,22,-3,-10,-20,-36,-46,-44,-44,-51,-34,-10,5,13,21,26,33,32,26,23,32,49,101
68,68,70,80,88,89,80,59,41,41,57,74,70,48,33,43,60,82,80,68,69,57,16,-17,-13,19,73,103,74,34,39,84,113,100,73,69,83,89,80,74,86,91,72,57,64,57,39,32,26,18,13,27,42,43,28,16,4,18,36,26,-1,-18,-10,1,17,33,42,38,29,40,54,74,103,106,75,54,55,65,66,59,70,101,113,92,96,122,139,141,137,150,161,160,164,179,186,185,172,162,155,146,153,166,181,104
337,358,327,279,288,338,343,296,284,331,376,385,359,326,311,308,275,230,216,224,205,162,129,124,129,89,50,53,73,66,38,16,12,20,16,16,20,19,1,-26,-34,-17,-4,-13,-21,-14,-2,7,25,48,42,22,25,34,29,29,27,23,27,33,29,18,12,16,8,5,1,-14,-46,-52,-40,-52,-66,-68,-51,-27,-19,-24,-24,-18,-8,-5,-3,6,12,27,52,73,85,83,61,36,38,54,60,57,50,51,58,56,35,7,6,24,105
-168,-166,-164,-153,-130,-118,-120,-102,-65,-60,-93,-106,-109,-106,-117,-142,-158,-149,-148,-158,-166,-155,-141,-161,-200,-217,-188,-163,-155,-167,-172,-168,-163,-155,-148,-126,-126,-152,-171,-158,-137,-131,-166,-179,-152,-130,-122,-116,-106,-93,-86,-83,-81,-89,-132,-163,-140,-104,-115,-146,-149,-132,-121,-123,-119,-109,-104,-86,-69,-55,-51,-57,-53,-45,-49,-46,-43,-45,-30,-1,24,18,2,17,50,65,60,69,91,92,76,56,42,49,53,37,12,-6,-2,32,41,21,9,104
85,92,114,122,130,124,107,98,106,118,118,109,112,122,118,103,98,99,96,88,71,68,89,105,104,85,75,83,108,131,125,108,82,37,10,19,41,51,53,53,35,11,5,21,36,35,41,55,40,35,57,82,91,85,75,60,57,82,87,59,49,57,65,54,32,17,23,43,61,61,42,44,49,38,34,50,57,43,44,67,68,54,68,93,103,107,101,84,92,112,123,121,86,49,44,64,69,53,28,23,36,42,43,43,25,13,26,40,65,76,54,32,41,114
268,243,242,262,278,273,259,262,272,252,231,211,205,215,215,212,213,217,218,210,195,183,170,152,145,147,156,160,149,136,136,157,185,195,168,133,98,55,56,107,151,147,108,84,86,80,67,59,57,44,27,8,-4,2,4,0,1,9,9,-10,-51,-61,-45,-39,-33,-19,5,26,10,-11,-5,12,20,24,43,69,72,67,74,97,102,90,65,43,56,76,83,83,90,84,76,86,105,117,122,118,104,91,99
43,39,53,71,60,38,28,38,68,91,128,195,261,292,289,276,269,288,296,322,362,385,374,357,362,408,455,459,423,381,380,404,417,396,371,344,311,328,385,412,364,294,258,250,245,227,219,230,230,193,145,118,128,134,87,45,45,61,51,18,-19,-26,-5,-4,-29,-45,-39,-43,-60,-70,-71,-71,-72,-74,-62,-40,-34,-44,-61,-69,-62,-60,-60,-55,-45,-35,-27,-35,-39,-28,-6,-9,-24,-20,-6,10,27,48,68,85,97,88,80,104
-135,-121,-104,-103,-118,-130,-140,-142,-119,-99,-104,-124,-129,-117,-105,-107,-118,-109,-82,-78,-102,-98,-71,-51,-52,-72,-77,-50,-11,-18,-22,-2,16,9,-5,-8,2,16,22,28,38,60,81,81,73,69,76,104,134,139,134,151,161,147,152,168,176,172,169,176,179,183,188,188,198,194,173,164,168,164,155,151,145,139,147,152,145,144,163,181,172,154,163,178,179,182,188,193,186,187,199,208,213,226,240,241,232,230,241,242,213,196,194,196,105
59,68,83,103,108,97,84,77,87,105,116,116,109,123,138,128,103,106,121,121,123,138,154,150,129,132,161,183,177,150,137,131,113,93,101,138,164,147,105,77,69,67,52,40,39,36,23,22,51,86,86,66,51,56,69,73,80,80,54,29,34,53,74,82,80,73,48,36,66,97,99,98,104,109,117,133,153,153,129,113,121,139,156,157,153,140,133,141,157,166,160,146,131,119,130,135,121,112,112,103,81,57,67,104
153,134,150,188,202,185,148,105,83,66,64,88,112,103,84,72,73,69,57,61,77,92,105,99,67,35,39,54,53,28,-13,-44,-43,-30,-28,-51,-66,-57,-54,-72,-84,-87,-99,-113,-121,-124,-136,-134,-106,-71,-49,-44,-45,-39,-44,-73,-87,-78,-54,-46,-54,-42,-14,6,8,10,22,27,22,24,29,40,48,55,53,38,21,6,2,13,33,43,35,12,-3,11,53,88,84,65,59,68,76,81,82,83,87,86,85,86,98,100,96,89,73,64,70,99,124,129,117,120,138,114
-164,-182,-209,-217,-209,-187,-178,-195,-190,-178,-177,-198,-209,-185,-162,-155,-155,-157,-157,-158,-168,-170,-153,-131,-125,-134,-139,-153,-153,-141,-131,-118,-114,-119,-125,-122,-114,-124,-139,-121,-69,-40,-51,-59,-53,-35,-22,-19,-12,-11,-13,-37,-54,-38,-13,1,4,7,16,19,19,28,44,51,53,39,17,10,24,34,18,18,35,45,57,56,45,37,37,49,81,102,83,60,69,87,97,98,97,99,96,96,92,101,129,138,105,73,84,98,96,90,92,104
115,91,70,68,87,103,108,124,141,125,86,64,72,89,96,100,108,112,88,72,66,69,70,55,41,48,54,59,58,52,58,83,101,106,100,85,100,100,71,60,76,84,76,57,44,44,60,80,89,90,98,99,89,89,96,88,83,97,120,120,99,80,74,87,93,83,60,51,64,66,61,71,82,88,93,105,105,101,105,107,105,108,121,131,119,103,103,107,114,117,119,113,97,85,85,80,76,89,98,66,36,44,52,104
76,88,86,64,44,41,40,36,52,87,75,60,67,76,72,57,59,76,90,109,124,113,82,71,84,92,74,49,39,49,59,52,33,36,51,51,41,43,39,32,32,49,60,56,54,55,53,44,39,35,34,45,64,57,37,23,34,52,49,25,18,38,76,90,86,96,109,90,54,35,36,33,20,8,24,56,86,102,87,80,81,84,83,83,90,100,88,80,92,121,124,97,73,84,104,113,109,109,96,86,101,106,105,102,91,88,107,119,107,100,97,101,113
-226,-211,-199,-228,-262,-214,-172,-147,-136,-146,-168,-173,-161,-148,-141,-139,-133,-132,-136,-138,-137,-132,-121,-109,-109,-113,-120,-134,-135,-104,-77,-61,-53,-61,-66,-43,-20,-34,-42,-34,-25,-20,-19,-10,-4,-5,-8,-10,-17,-23,-18,-6,-4,-10,-7,-8,-41,-49,-11,36,68,60,58,85,105,120,116,106,109,120,117,88,67,74,85,83,82,89,99,89,85,100,129,134,115,114,139,168,150,108,107,147,181,176,141,118,120,133,135,132,134,102
113,97,84,89,114,113,91,85,91,93,96,100,108,116,101,84,88,109,121,120,105,99,99,96,90,89,88,89,86,87,92,99,98,90,88,112,145,141,117,102,107,130,146,123,86,77,91,107,117,113,99,87,85,90,100,101,99,103,107,104,101,101,116,136,124,97,86,99,107,107,112,116,118,97,67,64,84,104,114,109,113,129,134,135,145,146,152,164,167,170,163,140,133,147,169,173,165,165,180,192,182,156,165,181,105
253,205,169,178,196,201,200,192,171,155,146,151,161,145,120,115,117,102,81,66,64,55,45,39,29,27,37,54,71,72,58,61,76,70,50,24,17,22,38,51,58,65,59,64,67,65,64,58,75,98,105,102,86,72,67,55,44,49,56,57,50,40,26,13,19,40,34,-1,-13,1,9,0,-13,-8,11,39,68,69,59,61,73,85,83,61,54,59,52,27,23,41,68,86,96,98,74,35,29,66,88,82,60,52,103
163,168,197,242,278,278,262,272,323,370,370,342,320,340,372,373,373,391,407,381,355,375,406,419,392,338,298,293,293,285,281,252,192,136,128,152,149,119,105,101,72,20,-6,-19,-50,-89,-125,-136,-92,-98,-131,-168,-184,-195,-219,-242,-245,-242,-253,-298,-328,-312,-285,-279,-306,-342,-362,-373,-361,-353,-365,-406,-423,-391,-348,-342,-357,-366,-349,-325,-322,-322,-311,-292,-281,-285,-273,-251,-247,-235,-216,-195,-149,-103,-92,-110,-130,-116,-92,-81,-74,-66,103
258,279,291,282,284,294,294,293,305,315,316,316,307,290,283,282,291,293,276,256,236,233,247,257,252,259,272,278,278,261,241,246,245,231,215,209,218,217,212,224,242,240,219,213,219,219,215,212,211,214,216,211,203,199,192,177,167,177,180,187,199,188,180,169,166,172,185,208,217,200,167,141,146,163,155,133,114,100,85,69,51,37,37,50,53,41,21,7,8,1,-5,-2,-10,-18,-11,-6,-17,-26,-22,-24,-30,-34,-14,104
-57,-41,-38,-33,-21,-9,0,-6,-10,-4,10,22,28,34,35,20,19,41,51,50,65,72,65,53,41,49,65,44,11,2,22,43,40,18,8,11,11,4,-5,-8,-17,-24,-23,-13,-18,-22,-24,-19,-3,8,36,41,12,1,23,52,56,55,51,38,29,21,5,2,13,27,39,37,33,39,54,72,91,109,117,112,105,107,115,124,130,124,113,107,120,124,130,139,136,117,112,120,130,124,108,89,81,72,99
60,66,70,86,114,140,155,161,169,188,202,192,170,160,168,171,166,148,131,134,137,121,116,122,138,156,167,165,163,136,112,107,131,148,131,113,115,99,83,92,122,140,135,112,101,105,102,96,97,106,120,121,118,128,131,136,136,120,103,104,106,107,113,117,106,84,66,57,65,72,77,88,90,90,85,80,80,88,90,88,89,98,92,85,100,131,151,155,163,166,168,168,156,145,141,134,105,86,96,100
-82,-56,-35,-22,-14,-25,-28,1,23,6,-8,37,131,189,199,218,251,264,249,210,180,172,155,113,55,5,-11,10,56,116,176,226,249,258,276,309,326,316,316,325,312,297,300,316,326,311,307,310,257,204,210,243,266,260,236,221,217,216,198,151,101,59,19,-25,-67,-93,-113,-113,-106,-76,-41,-43,-93,-125,-118,-100,-86,-91,-109,-104,-81,-59,-73,-119,-99,-74,-53,-30,-11,-4,9,42,80,104,112,90,73,72,71,68,71,102
96,107,130,125,101,87,104,118,115,103,97,102,104,99,90,75,71,88,117,122,108,93,89,88,81,69,77,88,81,59,54,70,88,103,104,97,90,89,92,90,96,100,99,92,88,88,80,67,66,85,98,86,53,28,40,76,101,102,114,119,109,101,97,100,106,106,88,66,59,74,72,59,57,65,75,90,89,68,38,28,39,58,58,40,33,53,72,67,49,43,55,59,51,48,56,56,49,45,59,76,83,83,77,76,105
69,69,73,89,108,117,115,114,115,101,82,82,96,97,81,65,67,89,114,115,96,84,84,72,45,58,85,80,55,50,56,74,92,99,105,123,133,137,151,166,176,179,183,177,161,144,132,131,145,138,108,89,92,96,90,103,122,177,229,232,198,187,233,284,284,247,249,278,279,236,220,281,361,386,326,247,246,309,331,304,292,295,272,244,233,213,172,149,139,132,108,83,60,54,50,66,86,81,74,73,66,49,38,104
-17,-21,-37,-41,-36,-29,-30,-44,-38,-24,-28,-46,-53,-37,-19,-19,-27,-28,-26,-24,-13,-5,-2,3,3,7,24,40,59,80,80,85,115,140,139,123,117,115,105,106,123,128,123,135,154,156,133,116,121,146,162,162,160,168,193,200,185,176,170,164,152,136,121,115,113,117,128,137,144,144,131,118,103,99,120,141,161,149,129,116,121,125,109,84,74,85,105,113,104,84,72,82,76,58,64,66,23,-23,-26,100
129,124,117,133,137,133,133,128,117,103,93,85,68,61,71,71,60,53,49,49,49,50,58,75,76,70,82,90,75,68,72,82,98,101,73,64,100,165,203,198,167,147,154,172,181,183,188,184,166,153,156,169,180,193,186,155,123,101,88,77,57,32,13,10,11,11,12,4,-11,-23,-27,-27,-26,-22,-12,-9,-7,1,8,5,13,29,20,8,27,51,50,45,38,27,39,68,64,41,48,69,74,65,73,84,84,85,80,74,105
51,42,48,54,52,45,34,11,12,35,48,52,57,58,58,53,53,50,44,36,22,29,48,54,53,39,43,65,60,42,45,56,49,26,23,38,54,55,38,23,32,50,55,55,57,53,48,33,10,-1,-1,3,8,11,20,39,64,81,99,109,130,147,161,162,163,173,184,178,167,161,150,151,155,163,161,149,147,153,165,168,163,167,162,134,130,148,162,156,152,146,131,115,108,114,116,115,99,88,91,81,69,74,89,92,88,68,36,32,40,49,43,41,113
69,51,23,26,53,75,77,74,77,82,89,107,118,122,129,129,119,128,144,139,128,112,122,138,144,146,145,135,128,131,147,166,168,146,134,144,156,139,108,98,97,105,131,153,167,176,177,182,204,221,214,188,168,157,163,184,227,269,294,299,301,296,275,244,203,166,134,85,33,-13,-40,-33,-24,-37,-52,-73,-89,-104,-124,-145,-154,-139,-115,-109,-119,-129,-138,-138,-108,-84,-86,-106,-137,-164,-181,-187,-182,-166,-137,-87,-51,-54,-69,104
130,-6,-30,-39,-52,-67,-73,-58,-33,-6,3,2,-3,-1,-1,-2,3,1,-6,0,49,149,234,231,186,177,189,204,212,214,188,135,75,49,75,147,232,293,298,268,245,230,203,170,136,103,68,45,37,32,23,23,48,72,80,61,44,52,60,60,55,45,49,55,65,80,98,100,123,185,217,197,168,168,183,181,160,133,115,122,129,123,119,123,138,144,136,138,138,122,112,101,98,88,71,65,68,55,58,130,219,282,103
-93,-88,-75,-53,-44,-52,-42,-21,-26,-33,-9,12,22,37,65,91,99,92,97,118,148,160,161,167,185,198,217,228,224,228,246,235,179,149,169,199,209,212,210,205,208,208,200,179,151,141,154,168,170,155,124,98,90,96,104,112,103,109,124,106,69,71,112,144,145,134,136,147,163,179,185,171,144,119,104,108,115,112,101,113,135,133,123,117,107,120,150,150,122,113,117,98,59,36,38,53,60,54,38,33,51,90,103
-34,-20,-14,-9,-4,-12,-19,-19,-14,-8,3,1,-13,-20,-19,-11,1,23,40,44,44,54,80,85,56,49,70,91,112,109,97,108,123,125,121,122,119,101,89,93,101,102,89,87,96,105,105,97,89,91,105,116,118,137,167,173,161,150,140,151,153,148,133,107,104,122,149,165,151,131,123,123,132,130,115,114,137,169,168,147,154,171,155,135,128,109,97,87,85,85,87,86,88,90,89,83,69,58,57,55,54,55,56,64,105
34,22,22,34,42,28,7,16,29,52,87,118,129,138,186,253,299,316,309,289,266,252,252,259,273,289,293,280,257,240,240,237,232,204,164,160,185,204,187,166,162,173,196,203,195,179,160,146,147,133,133,149,144,119,116,115,98,77,72,77,87,92,98,92,82,87,98,99,89,75,73,82,87,80,59,57,83,104,105,88,70,71,74,69,49,20,8,3,-6,-40,-65,-72,-83,-62,-21,12,8,-24,-37,-27,-9,21,66,104
55,68,84,106,117,102,99,125,160,161,133,101,83,75,65,40,29,50,67,70,74,75,85,116,123,100,77,73,66,52,35,2,-23,-14,12,35,49,43,11,-7,26,80,96,67,27,18,23,8,-5,-2,5,1,-6,-7,-4,-3,8,19,26,42,44,22,23,69,114,116,92,85,103,104,80,64,57,58,70,83,82,69,70,59,38,42,74,99,98,80,57,50,69,84,75,64,55,43,41,45,44,39,34,22,22,41,57,65,105
-345,-290,-205,-139,-132,-140,-110,-58,-9,6,-1,10,38,23,0,21,69,76,53,25,8,24,83,144,171,166,150,137,120,105,115,136,154,162,170,192,205,197,185,202,227,240,248,242,217,209,208,204,198,187,181,163,135,129,139,167,193,219,249,236,187,167,181,188,172,146,134,140,168,188,204,250,309,333,325,304,288,292,304,292,263,227,183,151,136,131,119,91,60,41,35,35,42,53,52,41,40,57,55,-24,-136,-203,-227,104
57,54,36,28,41,52,50,33,12,9,21,34,41,50,70,97,88,68,56,57,59,56,50,41,39,39,44,64,72,61,54,58,67,45,10,5,20,25,33,53,72,82,75,98,123,91,36,11,25,55,75,81,71,52,40,49,65,70,74,72,64,61,69,69,66,68,80,85,81,82,74,69,73,72,73,74,80,83,71,60,67,74,69,57,55,67,82,86,84,89,103,109,103,85,85,107,128,109,90,97,115,113,84,65,105
-11,-8,-8,-13,-22,-33,-43,-56,-58,-43,-21,-12,-22,-33,-28,-5,16,12,11,20,22,35,57,34,-18,-24,12,44,51,35,21,19,12,24,41,49,53,51,26,10,10,16,20,-5,-43,-43,-18,-1,-7,-19,-21,-36,-43,-28,-8,-8,-21,-27,-27,-53,-87,-82,-51,-40,-54,-69,-55,-21,-9,-19,-24,-7,23,51,65,70,85,107,101,32,-1,70,153,173,147,129,130,133,154,162,134,103,73,28,-17,-50,-70,-73,-60,-60,101
155,164,183,187,180,167,166,187,204,195,178,166,153,148,156,162,154,152,155,168,165,139,122,123,115,85,59,52,55,52,42,28,36,54,64,70,67,51,41,55,75,55,18,18,26,13,-4,-18,-30,-38,-27,-13,-19,-20,-18,-13,-8,-3,-2,-1,-5,-18,-26,-27,-20,-13,-7,2,-7,-27,-25,-6,20,41,36,34,52,67,57,51,66,76,76,70,73,82,87,93,106,108,96,83,77,73,71,69,64,54,49,42,37,33,29,104
195,199,198,187,176,173,179,188,209,230,228,221,235,263,290,299,293,291,289,289,300,322,339,341,343,339,311,282,281,306,327,327,313,291,280,297,299,276,261,267,281,295,307,306,295,282,275,273,275,268,253,228,208,203,211,204,195,197,210,201,172,138,117,124,139,123,86,64,53,40,21,8,6,11,29,26,4,-8,-11,-25,-35,-28,-24,-34,-51,-58,-56,-54,-54,-49,-55,-83,-89,-72,-56,-56,-68,-77,-75,-60,-58,-73,-71,-60,105
391,363,327,327,338,323,277,217,199,208,177,101,32,20,33,5,-35,-37,-33,-70,-120,-139,-126,-133,-181,-221,-229,-214,-215,-266,-316,-309,-291,-297,-306,-297,-284,-283,-280,-282,-295,-308,-310,-300,-289,-273,-265,-269,-267,-252,-234,-226,-233,-235,-218,-210,-201,-180,-164,-153,-147,-140,-135,-118,-108,-138,-181,-181,-131,-82,-78,-82,-77,-69,-41,-21,-18,-9,1,-3,-17,-23,-20,-29,-26,-3,-1,-18,-18,-3,12,28,32,39,56,54,50,74,118,146,140,136,140,104
25,50,57,67,72,77,84,83,86,85,93,102,105,97,72,70,108,131,90,58,90,136,124,84,68,83,101,115,120,123,140,150,139,122,124,147,162,157,145,149,140,120,120,137,149,161,150,130,125,133,136,124,93,45,7,0,18,45,60,57,55,52,35,18,10,-7,-39,-68,-94,-117,-123,-113,-98,-81,-65,-59,-52,-53,-70,-73,-56,-34,-8,18,48,59,53,56,80,109,118,115,115,97,61,52,54,57,59,48,17,-4,8,104
98,93,90,54,3,-18,-12,-11,-12,-23,-39,-66,-94,-99,-86,-89,-92,-91,-100,-117,-125,-114,-100,-90,-88,-103,-107,-89,-76,-83,-105,-109,-87,-71,-88,-92,-70,-55,-62,-67,-68,-68,-60,-54,-41,-33,-23,-13,4,35,43,35,32,27,23,32,43,39,16,4,8,16,34,58,65,48,32,34,50,58,48,27,32,42,42,52,68,83,70,48,37,27,28,52,73,53,17,18,45,69,70,58,50,48,53,45,42,52,67,69,54,39,50,104
24,32,17,7,19,51,68,57,59,77,91,89,90,92,87,90,123,150,129,92,98,121,122,104,73,45,33,32,42,56,56,56,55,51,44,49,49,51,53,57,67,82,101,108,115,116,103,93,108,136,116,64,57,92,107,84,54,37,35,35,25,20,32,50,57,55,50,51,53,53,44,45,65,77,72,68,80,89,91,69,41,48,70,73,67,73,80,49,21,27,41,49,44,35,33,21,3,7,25,34,43,45,48,55,105
37,44,41,41,60,76,72,57,55,71,73,56,42,50,67,72,65,60,58,55,49,39,26,27,49,60,53,39,50,69,73,74,80,88,102,104,100,99,106,114,101,77,68,75,108,123,109,112,146,162,145,125,114,121,138,147,131,90,84,114,137,138,135,146,161,152,134,132,123,97,84,109,131,129,103,97,106,116,128,145,152,148,130,107,108,129,134,121,105,99,90,86,81,75,80,76,72,74,86,104,120,128,138,132,105
106,108,107,75,55,72,92,99,104,103,88,71,60,80,112,118,108,103,99,106,104,76,72,96,116,121,130,137,140,137,130,108,90,81,77,84,76,68,76,102,113,99,90,90,90,87,84,86,98,123,140,130,113,112,115,129,133,109,99,115,119,83,66,91,117,112,92,85,90,93,87,83,90,93,86,72,73,83,86,77,120,136,138,130,88,54,43,23,-18,-12,27,41,33,39,69,99,105,91,99
106,133,145,135,123,123,138,135,112,87,66,66,76,87,86,80,83,104,139,166,148,98,67,80,100,108,106,105,103,120,150,147,139,167,188,182,167,162,162,166,194,188,169,161,146,152,169,140,84,68,91,112,104,88,75,66,38,16,18,27,32,10,-8,-8,1,-14,-23,-12,-8,-19,-20,-8,-7,-10,-17,-13,-9,-21,-46,-53,-46,-45,-38,-35,-41,-44,-56,-65,-55,-33,-17,-8,-3,10,12,-10,-17,19,58,67,65,61,64,80,105
133,128,103,90,97,99,93,99,116,103,82,97,123,122,107,104,114,130,132,117,113,114,90,59,48,51,49,40,42,52,66,73,59,51,68,82,65,44,52,59,60,51,43,44,53,66,70,65,56,44,43,58,68,67,56,51,43,34,32,53,64,38,21,26,39,38,21,9,11,18,22,7,-4,3,12,10,2,1,10,24,39,57,70,40,2,11,65,107,124,113,96,86,82,85,82,77,82,60,16,-4,22,37,36,104
165,236,265,278,311,345,364,369,364,358,352,346,345,348,344,325,322,338,348,346,326,301,291,282,269,259,242,226,233,257,269,275,267,244,234,248,259,260,263,276,282,282,282,267,261,268,282,290,275,246,232,233,232,230,219,201,181,177,187,193,176,155,154,139,114,87,85,105,113,85,49,40,65,74,53,33,26,29,42,52,48,26,9,6,11,18,19,12,8,18,24,6,-13,-11,2,16,6,-23,-38,-41,-57,-66,-44,-41,105
172,184,188,171,152,154,141,114,114,130,128,107,100,102,117,128,124,132,138,132,107,98,106,116,104,81,70,74,88,85,54,34,48,68,54,34,32,43,56,74,101,89,57,54,80,92,73,36,17,3,-11,-19,-20,-19,-19,-28,-38,-40,-22,-2,-27,-60,-59,-52,-46,-55,-68,-75,-75,-69,-73,-76,-76,-81,-90,-100,-98,-93,-104,-117,-117,-102,-93,-88,-86,-91,-107,-125,-136,-133,-131,-140,-147,-149,-180,-217,-228,-211,-198,-222,-269,-308,-325,-354,-379,-402,-424,-450,-478,-505,-532,-556,-566,-572,-583,-597,-595,118
105,98,70,51,57,59,48,33,34,48,51,50,58,75,85,82,69,64,65,67,72,83,84,77,74,81,67,52,45,51,67,75,59,42,33,27,33,29,12,5,26,54,61,84,115,121,102,81,82,89,76,58,55,55,54,43,34,38,44,43,38,40,29,0,-1,23,56,75,86,75,66,76,85,71,50,43,56,71,66,36,28,40,37,34,42,53,53,55,65,74,76,61,37,40,66,82,76,58,52,57,64,55,53,104
98,117,118,106,112,118,115,113,120,136,160,161,146,153,165,161,164,163,152,154,165,166,150,134,134,134,138,141,136,124,115,119,124,117,114,122,140,151,153,156,182,218,241,228,211,211,219,226,218,208,198,177,129,102,135,168,161,134,130,133,121,125,144,148,146,153,165,168,152,134,130,149,165,152,130,118,118,115,105,89,80,82,90,101,101,88,83,89,97,101,97,83,64,54,73,96,108,108,97,96,122,130,108,98,105
151,154,149,144,144,124,97,87,98,97,85,74,85,98,97,90,90,100,87,64,40,56,104,135,133,117,117,121,122,121,115,106,96,84,87,107,117,105,83,82,99,114,120,124,129,146,172,167,138,134,171,209,213,192,153,125,130,148,166,168,148,121,116,109,91,85,96,105,103,92,77,72,74,81,83,70,67,54,28,24,52,76,76,71,69,64,55,53,52,55,64,72,73,70,70,59,41,37,41,36,39,52,68,104
41,43,38,32,36,48,73,99,105,93,87,96,103,100,89,72,74,114,125,76,23,27,69,98,100,93,91,97,108,119,120,122,131,122,102,93,96,86,72,76,104,116,75,37,44,73,89,82,58,50,55,69,82,84,75,72,76,70,57,61,73,80,82,89,97,93,75,58,75,106,117,105,104,119,124,119,108,107,119,121,125,135,136,122,115,119,118,112,114,114,90,76,97,112,102,83,73,67,53,54,70,66,36,18,105
40,57,72,98,138,179,202,224,249,281,291,284,294,323,323,281,263,294,324,327,309,297,299,306,305,309,300,289,262,240,236,274,317,322,300,293,300,314,329,330,304,266,243,234,237,245,256,258,273,298,298,266,247,260,282,285,280,289,281,269,269,272,264,248,217,195,200,209,208,200,196,188,171,140,93,50,33,12,-21,-46,-58,-60,-75,-113,-147,-147,-129,-131,-153,-195,-206,-203,-204,-204,-201,-200,-202,-197,-174,-169,-186,-201,103
113,118,128,136,139,132,118,117,119,117,123,135,134,131,125,124,133,146,157,164,155,155,171,163,114,71,89,130,148,147,139,133,128,129,131,131,128,122,114,109,109,100,87,87,99,102,99,105,120,139,146,105,68,74,89,92,89,84,85,84,68,61,76,87,80,70,68,76,64,39,39,49,40,26,29,27,19,13,6,-4,-5,2,11,18,18,9,10,25,26,26,41,57,58,59,68,73,77,93,99,100
53,56,55,66,80,86,97,98,99,113,129,128,115,113,118,116,102,120,128,88,74,112,135,121,108,118,134,131,97,70,81,87,84,77,77,76,76,82,91,109,88,40,26,69,115,124,105,84,91,114,124,129,122,107,102,115,132,136,124,101,71,65,77,87,82,83,91,102,97,88,83,85,108,132,138,133,124,113,89,97,140,169,135,81,77,105,118,91,58,58,71,75,85,92,85,67,55,56,64,64,25,-7,18,104
54,57,58,64,58,56,56,45,35,25,24,34,36,35,44,53,57,59,51,40,48,68,85,99,100,88,73,72,85,103,122,138,148,119,74,76,105,112,93,81,70,68,69,74,81,87,89,86,75,75,103,128,136,124,97,88,119,139,136,122,112,118,145,165,156,135,114,104,103,87,68,61,64,60,73,97,93,70,66,87,106,99,68,50,52,64,69,66,64,71,76,80,90,89,84,97,104,99,90,84,91,97,75,66,85,98,103,104,82,49,36,64,113
57,28,22,58,106,135,134,122,128,153,151,112,115,150,157,138,133,135,139,140,144,145,133,131,148,155,147,120,102,117,167,201,188,163,137,117,104,99,112,119,125,117,98,86,99,108,109,117,144,157,128,100,118,148,162,153,137,136,140,144,131,105,92,93,96,65,20,16,51,88,99,86,75,74,72,73,85,97,121,146,162,173,167,139,109,108,131,122,92,92,99,92,77,73,87,105,102,83,60,52,48,35,25,22,105
71,60,60,73,82,60,37,43,76,88,64,43,54,57,49,28,19,21,34,48,42,35,50,69,65,61,69,61,42,33,58,76,38,3,20,49,66,69,56,44,49,61,75,88,99,97,84,66,68,84,76,49,35,56,74,68,56,59,75,83,69,55,58,73,87,90,93,99,91,72,67,80,100,102,83,84,98,89,83,86,90,89,91,97,116,123,105,80,76,96,106,98,73,66,76,96,88,57,42,53,67,67,58,104
128,106,91,97,113,117,107,100,97,98,89,77,81,90,98,105,115,99,71,64,72,85,92,91,91,97,107,119,118,108,107,119,130,116,102,113,122,131,124,128,140,146,113,70,70,86,96,87,85,85,90,93,96,98,101,102,100,85,43,19,37,65,86,91,86,88,100,113,120,114,103,98,96,84,81,90,103,105,101,100,104,105,100,100,103,98,97,114,120,92,70,92,118,122,108,99,89,87,71,52,54,70,74,104
91,75,58,67,92,113,114,76,45,54,77,98,97,91,98,99,98,80,56,70,99,106,98,87,80,64,53,50,51,36,22,32,37,25,4,5,28,51,57,56,51,40,44,64,56,35,38,66,91,98,90,96,108,114,104,89,93,102,90,74,71,71,60,50,44,56,66,57,50,45,42,39,41,43,39,38,55,82,99,99,81,64,61,88,128,144,133,124,136,149,149,123,108,118,133,128,89,59,66,89,116,112,91,104
51,61,58,57,54,44,41,40,49,54,56,69,84,86,72,56,51,61,87,93,84,84,87,80,72,84,103,96,87,90,91,86,75,69,60,60,66,68,64,68,80,71,57,57,75,91,83,65,68,85,98,97,83,72,74,87,84,67,53,50,58,77,97,107,112,114,118,140,144,123,118,122,134,144,145,139,136,131,121,123,129,141,153,129,101,91,75,58,65,81,75,52,25,22,36,51,52,43,44,58,71,75,81,104
117,88,66,80,116,131,108,88,85,73,60,59,85,102,65,16,12,34,45,40,33,32,41,36,26,48,90,114,88,53,38,24,21,72,139,154,138,151,181,200,231,249,234,220,241,262,259,244,249,289,322,322,290,272,289,313,285,231,209,192,155,141,152,156,153,137,117,108,105,89,68,59,61,56,34,6,1,3,-1,-8,-8,6,4,-44,-69,-28,20,42,38,16,0,2,6,7,19,27,28,24,20,24,34,38,37,21,105
-252,-231,-203,-185,-194,-230,-273,-291,-277,-264,-277,-290,-280,-266,-266,-275,-285,-298,-286,-251,-235,-249,-278,-284,-266,-230,-180,-167,-190,-189,-158,-125,-118,-126,-131,-120,-93,-67,-43,-30,-25,-11,-2,3,11,16,13,16,20,26,35,45,59,58,49,56,74,84,89,102,103,97,99,101,106,107,106,108,109,101,98,106,113,101,84,87,106,120,120,115,122,150,178,194,196,194,199,226,241,232,227,217,193,178,183,197,198,195,210,241,262,245,210,104
101,91,83,81,93,103,98,96,102,112,107,105,119,123,109,98,101,105,105,99,86,92,108,117,92,57,41,50,60,41,13,18,34,36,28,27,13,-6,-7,8,33,56,80,86,73,57,56,85,106,101,89,81,76,100,100,80,74,92,115,130,136,123,99,89,99,96,96,108,121,121,118,137,150,120,113,148,187,185,151,119,116,139,165,179,164,138,130,130,128,134,151,161,171,188,181,144,124,150,180,182,169,145,121,122,105
81,26,22,56,64,25,-10,-20,-2,24,40,48,58,68,68,58,59,85,101,67,32,29,39,37,21,2,-4,-18,-29,-23,-3,8,0,-20,-19,22,59,52,39,49,72,83,81,85,101,115,130,134,129,128,136,149,153,148,153,161,144,139,145,132,114,99,101,109,105,99,103,116,129,130,121,118,123,147,154,140,128,116,115,122,134,117,96,106,149,172,184,208,212,199,193,200,208,202,197,187,171,153,150,162,179,178,169,104
85,82,66,59,72,87,99,109,119,116,101,86,59,36,28,32,20,23,34,24,16,13,16,18,21,39,64,81,91,104,112,119,134,151,153,140,133,132,132,151,194,227,234,211,165,121,121,165,178,138,100,105,144,185,202,202,203,195,170,163,188,218,251,285,290,263,257,285,293,249,198,180,196,195,153,121,132,168,168,141,120,115,117,113,115,128,118,82,35,18,36,41,21,-12,-37,-54,-73,-83,-73,-65,-59,-72,-113,-139,105
44,33,91,89,77,77,77,82,104,114,113,112,101,80,55,39,49,85,107,91,55,44,52,44,38,32,17,1,-3,-5,-8,-2,17,29,24,-2,-19,-26,-46,-58,-68,-84,-87,-70,-41,-21,-28,-41,-37,-33,-38,-36,-34,-43,-54,-57,-53,-41,-30,-35,-41,-29,-7,6,12,20,27,45,58,33,20,44,74,86,69,45,29,34,35,41,52,51,55,80,74,41,37,56,72,71,70,75,84,90,97,86,83,113,133,124,112,106,112,104
9,19,54,87,74,44,28,12,-17,-27,3,40,41,2,-46,-56,-12,40,57,24,-8,-9,26,66,65,37,13,-25,-53,-38,-12,9,22,11,17,45,80,90,73,53,43,55,58,37,24,27,42,74,113,149,150,76,80,76,39,20,41,57,32,10,28,52,57,55,55,68,104,133,113,89,117,149,148,137,141,139,106,80,91,137,140,86,40,50,80,85,69,39,68,85,68,56,82,100,86,76,73,86,107,113,114,102
56,75,103,125,145,153,132,91,85,103,100,81,75,91,113,121,113,101,90,86,97,106,96,72,59,61,55,41,48,48,49,56,32,2,20,51,67,69,57,50,54,70,85,92,92,86,74,73,83,113,128,103,83,92,99,87,74,64,64,66,71,70,73,67,66,71,73,67,68,88,103,83,67,91,120,121,105,98,96,104,122,124,115,112,99,92,89,72,59,72,81,70,55,50,60,82,87,57,23,20,37,55,56,48,35,24,24,52,86,99,82,66,69,114
24,32,57,58,50,49,50,43,33,19,11,8,11,24,33,35,50,68,81,101,116,113,90,51,35,61,74,49,29,50,75,98,112,116,116,134,136,116,102,99,103,116,123,124,121,116,114,109,104,99,102,101,80,54,59,82,85,76,69,57,50,48,53,70,72,52,43,70,100,103,100,104,118,134,129,121,107,80,66,84,104,107,93,81,74,84,97,97,91,76,57,50,44,53,67,71,75,68,48,39,43,55,53,104
-14,-39,-70,-118,-136,-118,-87,-73,-56,-36,-29,-41,-58,-72,-89,-101,-105,-104,-101,-88,-85,-86,-77,-91,-118,-123,-113,-118,-138,-141,-120,-91,-75,-66,-46,-24,-6,-3,-10,-23,-34,-19,20,59,69,42,32,50,84,118,134,131,119,128,140,119,90,103,139,150,136,128,124,115,107,116,133,141,136,122,119,112,100,100,99,85,75,86,98,103,103,102,108,124,136,148,154,149,124,107,116,135,145,150,167,183,200,201,164,146,173,196,170,154,105
90,86,75,69,80,99,101,83,60,43,43,57,67,76,76,69,64,69,74,73,76,90,84,64,54,55,73,102,106,98,100,104,90,74,80,104,136,140,128,120,138,149,138,124,114,107,106,106,104,89,76,74,69,64,69,82,75,52,44,51,37,26,44,68,75,66,51,49,48,41,36,36,39,38,11,3,17,36,40,24,22,32,38,45,41,22,17,16,4,7,33,49,44,45,59,61,58,61,87,104,105,100,81,75,105
97,87,84,82,71,60,60,61,60,59,56,52,52,59,71,74,72,71,65,57,59,67,76,84,93,120,155,170,160,139,132,135,131,113,102,103,104,98,82,75,86,99,108,113,108,102,100,108,128,136,130,121,119,121,137,152,124,85,85,121,144,136,124,124,130,130,125,116,105,102,118,133,130,113,98,105,120,119,108,97,97,112,123,125,116,112,122,136,144,149,137,115,97,90,91,92,98,96,84,55,24,16,27,104
86,102,91,76,85,102,105,96,89,98,104,93,91,97,92,83,67,48,29,26,33,42,61,72,74,73,71,74,82,84,74,70,71,72,75,87,103,117,128,133,124,106,101,100,102,103,107,122,134,144,154,167,182,187,177,165,163,166,160,144,129,124,128,124,116,103,96,92,85,75,73,84,88,82,85,90,88,80,67,68,84,92,96,100,113,128,136,131,114,97,85,82,81,77,83,92,93,82,75,80,71,52,40,49,105
39,28,35,45,42,26,12,10,23,45,59,56,60,69,69,55,45,38,38,37,38,53,65,52,42,42,53,61,68,83,99,77,35,32,60,92,107,100,85,81,80,76,74,67,61,60,56,53,56,52,50,51,41,39,52,67,66,51,23,8,27,60,88,96,92,81,67,72,90,91,83,67,59,59,51,58,83,96,102,108,105,98,101,120,135,118,86,68,67,77,80,57,33,35,52,57,51,43,44,52,41,32,103
105,91,89,73,52,34,28,34,54,56,20,6,39,90,92,61,40,9,-3,24,48,19,1,34,64,69,102,183,230,225,204,188,192,203,205,196,176,148,133,144,155,154,152,160,152,131,149,178,179,162,146,117,66,65,99,113,125,132,85,27,-6,-11,42,133,187,161,101,98,150,225,278,266,170,84,85,176,221,212,186,181,204,234,245,247,266,281,252,219,208,211,210,197,213,237,240,227,214,214,229,251,266,261,263,104
10,33,70,66,36,58,104,140,145,119,101,105,97,81,86,90,75,72,69,53,32,24,34,53,56,28,12,39,40,8,13,50,57,38,22,49,104,145,135,119,105,101,115,120,112,107,116,106,98,115,106,56,19,34,60,58,43,57,118,178,209,228,236,236,244,256,261,273,291,289,246,230,246,251,240,231,233,231,225,186,133,121,147,151,145,141,136,122,105,85,44,8,-8,0,17,24,54,120,160,151,135,138,147,137,105
113,117,103,59,35,42,55,71,85,74,52,37,39,49,54,64,75,89,98,85,49,9,12,41,53,44,48,51,50,51,58,59,56,52,54,61,66,60,45,38,40,49,56,58,64,77,76,56,38,28,34,50,69,77,83,84,86,96,97,103,114,114,98,72,60,58,71,83,82,81,71,53,57,85,96,88,81,80,80,75,76,70,53,49,64,85,102,106,88,82,90,93,87,84,73,65,71,65,51,60,71,55,35,104
44,29,11,-11,-20,-3,0,-8,-6,-8,-38,-57,-66,-69,-78,-108,-120,-122,-142,-161,-164,-168,-156,-150,-158,-196,-213,-177,-152,-158,-181,-184,-171,-171,-177,-170,-183,-198,-197,-186,-189,-227,-252,-209,-156,-156,-177,-178,-171,-171,-171,-157,-162,-164,-137,-133,-162,-172,-149,-118,-102,-88,-75,-77,-91,-98,-86,-70,-72,-61,-33,-6,-10,-53,-89,-76,-19,32,38,17,-18,-21,12,52,57,40,38,23,26,49,66,66,50,24,95
112,60,20,1,9,54,102,131,147,116,70,86,144,209,217,176,124,139,192,204,201,182,136,107,105,97,85,84,76,58,39,49,89,109,103,118,125,99,57,34,24,35,50,71,103,130,123,114,136,179,181,128,87,85,105,114,109,112,120,138,172,215,229,218,208,187,145,103,73,57,98,164,188,178,148,128,115,91,68,29,-8,-35,-25,33,117,154,120,92,131,184,182,121,70,38,17,59,135,139,105,113,160,242,280,104
-90,-74,-91,-123,-147,-153,-136,-71,-99,-90,-72,-100,-153,-186,-163,-53,-12,-39,-99,-156,-178,-137,-105,-120,-150,-141,-110,-108,-155,-187,-131,-54,-35,-37,-54,-71,-69,-59,-61,-57,-50,-52,-60,-51,-43,-41,-44,-36,-7,11,-9,-56,-74,-38,1,-20,-72,-101,-97,-49,20,28,-1,-13,-21,-50,-93,-88,-49,-53,-56,-37,-17,21,66,104,100,82,74,45,-13,-36,-29,-29,-27,10,55,52,26,51,86,89,81,70,22,-53,-77,-55,-43,-33,2,26,22,-9,-50,-91,-94,-27,48,97,98,60,33,56,98,116
88,71,83,100,92,76,76,87,91,101,87,55,34,38,57,82,104,119,121,103,76,57,36,34,56,81,99,122,145,137,102,69,66,113,187,235,216,160,113,102,122,153,182,161,101,68,88,144,195,214,193,166,152,148,133,89,44,21,13,-2,-35,-45,-18,19,23,0,-24,-29,-21,-5,11,21,9,-5,-19,-37,-59,-84,-97,-94,-57,-2,35,32,19,27,35,34,27,27,48,71,90,87,58,44,66,93,112,128,130,105,72,104
8,34,51,59,73,83,85,83,83,87,82,72,66,65,51,43,20,-21,-5,77,140,148,120,99,99,105,105,115,106,64,35,27,20,12,24,49,82,104,108,93,80,73,73,59,44,56,71,54,18,3,8,-4,-10,9,50,90,90,69,73,103,122,103,69,53,82,128,132,100,65,59,89,122,124,130,162,204,233,199,130,102,105,129,165,187,184,193,219,234,232,246,276,275,217,164,150,144,114,86,97,147,153,98,61,80,105
145,140,119,86,68,73,67,50,68,98,117,135,138,116,84,74,73,70,74,76,71,82,112,119,87,59,58,80,93,82,70,61,41,34,43,64,81,96,112,121,123,121,107,87,83,89,67,19,11,34,38,22,19,53,92,120,121,108,101,93,89,88,76,51,43,66,103,105,70,43,68,100,108,96,72,60,56,44,49,70,88,102,104,87,70,66,38,9,34,84,104,85,55,38,32,42,74,92,83,59,49,44,36,40,71,93,76,58,71,68,51,73,113
219,232,229,224,225,211,179,161,161,164,168,179,198,216,216,211,193,185,187,177,147,125,147,185,193,173,195,237,264,272,272,263,257,248,241,229,221,221,214,197,195,209,220,211,199,194,173,154,157,160,146,131,118,107,93,72,52,23,23,52,59,20,-42,-78,-87,-86,-78,-94,-116,-119,-124,-138,-136,-125,-124,-135,-141,-146,-157,-179,-187,-187,-197,-188,-155,-117,-82,-60,-76,-121,-151,-164,-157,-125,-78,-34,-41,-115,-170,-150,-72,-20,-38,104
59,38,16,12,35,44,41,28,35,51,37,21,33,40,70,108,123,131,135,125,103,93,102,108,107,87,57,42,38,36,52,85,117,121,106,86,65,57,74,85,90,96,75,38,17,13,8,-10,-30,-39,-24,4,25,28,19,6,0,-2,-6,-21,-39,-44,-42,-29,-22,-19,-27,-20,6,50,75,74,61,38,12,-6,-12,-10,-9,-21,-34,-23,2,19,22,24,25,25,43,65,65,39,2,-23,-29,-26,-18,-3,19,24,5,-27,-56,104
49,44,38,40,49,61,90,109,103,84,58,41,51,73,77,76,84,81,73,69,45,50,114,162,147,99,55,38,64,98,115,124,135,130,117,112,113,119,117,114,119,117,80,41,40,58,60,38,-3,-26,-5,26,17,-9,-1,26,38,37,52,84,102,100,99,98,91,86,81,76,68,26,-5,17,59,67,54,54,53,44,56,87,124,145,140,107,82,119,164,167,153,155,167,163,149,139,138,135,133,145,147,134,109,82,81,104
118,119,119,120,124,128,116,93,81,80,56,22,20,39,68,84,82,96,113,116,121,122,139,161,139,100,85,90,87,76,71,73,74,67,68,81,85,67,19,-26,-25,10,38,34,21,38,71,84,84,84,82,74,65,59,65,75,91,96,90,104,118,113,89,67,58,59,68,76,71,57,66,101,130,113,65,25,27,45,53,34,10,24,52,50,28,16,-6,-9,17,41,42,17,-2,1,13,18,-4,-7,25,75,92,61,13,-9,105
86,98,98,80,70,56,33,24,39,34,10,22,72,114,119,103,84,75,90,116,120,90,68,74,92,98,86,82,100,129,136,125,121,133,145,146,133,129,123,125,146,144,107,102,137,184,210,198,184,196,194,172,155,136,121,121,128,119,103,105,113,100,96,104,114,120,117,104,100,86,65,72,93,105,107,104,102,112,113,97,86,88,83,73,66,66,60,58,68,74,57,37,33,32,21,44,82,81,52,40,52,85,104,104
82,86,98,97,87,87,108,118,103,97,85,58,38,43,51,59,59,57,65,76,89,90,70,53,73,115,130,135,146,146,145,154,153,149,153,167,163,134,116,129,152,162,154,152,145,123,109,132,185,220,200,145,122,144,170,184,166,138,141,164,186,188,187,196,186,183,199,214,210,183,154,140,140,146,155,151,118,92,92,102,108,108,96,86,86,76,61,60,81,102,109,103,108,102,86,96
101,112,90,57,36,27,37,52,66,74,82,88,97,98,80,56,42,44,70,90,103,88,71,66,67,64,71,71,45,20,27,59,80,67,45,53,77,89,86,81,65,34,11,20,49,74,84,69,55,48,44,50,55,65,82,102,82,33,3,2,26,44,36,27,39,50,45,49,68,99,123,139,151,152,137,137,154,164,131,69,26,20,23,34,52,75,90,90,89,115,130,105,58,34,53,96
49,66,67,58,56,51,42,36,38,28,3,4,49,87,86,72,72,84,90,90,81,85,108,97,65,61,76,82,68,50,40,48,75,100,113,122,122,129,152,170,177,153,115,90,83,101,151,209,265,312,311,296,301,311,293,259,229,188,144,102,88,101,117,121,105,70,50,74,99,90,71,69,72,64,41,28,28,35,26,-18,-67,-54,-14,16,37,42,33,10,-6,-21,-23,0,-5,-23,-23,-23,-30,-49,-53,-50,-37,-17,-12,104
-3,-25,-35,-39,-44,-60,-91,-138,-185,-206,-221,-229,-232,-254,-300,-309,-281,-285,-328,-357,-348,-312,-290,-286,-305,-327,-353,-360,-359,-377,-401,-392,-361,-354,-357,-344,-327,-314,-309,-315,-316,-310,-297,-281,-268,-246,-225,-203,-177,-156,-170,-193,-198,-179,-148,-132,-132,-139,-130,-105,-87,-78,-77,-70,-45,-30,-21,-2,-8,-49,-69,-50,-17,6,10,9,22,41,49,32,18,22,33,49,86,106,92,72,77,104,135,172,192,178,157,154,153,153,170,100
99,152,147,99,83,100,92,77,64,49,34,40,64,40,7,40,118,130,75,42,65,105,120,92,77,88,113,103,90,73,59,64,87,102,108,88,51,49,68,99,114,86,61,67,86,88,67,58,70,75,73,82,76,93,101,81,68,86,119,132,129,114,107,101,98,91,80,66,76,97,88,76,76,86,92,116,141,165,164,129,102,109,119,118,108,77,55,60,77,107,132,135,136,146,148,135,123,118,106,118,131,106,84,75,105
86,58,44,57,87,93,68,28,26,38,34,27,41,45,18,13,41,59,56,40,28,28,26,32,48,65,77,74,69,54,41,40,56,73,65,43,29,32,29,35,41,60,71,58,51,68,84,80,76,83,77,55,50,60,60,64,67,72,66,50,40,49,61,70,67,66,67,68,77,84,73,57,72,103,120,128,128,129,137,136,131,123,112,91,88,106,114,103,88,96,100,102,103,107,118,108,83,69,68,64,59,57,58,104
81,82,81,81,87,86,85,81,75,86,99,103,97,105,124,117,104,90,68,58,84,112,132,134,133,133,128,123,132,134,128,108,89,85,97,106,108,116,118,112,113,130,138,117,101,121,154,151,112,97,102,104,100,91,77,64,50,27,9,20,54,70,55,43,51,65,76,97,113,108,98,101,104,90,72,76,90,93,87,76,74,70,54,39,33,50,73,81,66,58,64,52,37,28,33,40,37,22,13,21,27,27,19,6,12,20,9,6,20,27,26,38,74,114
114,101,80,74,85,88,88,84,82,87,90,102,114,113,116,122,117,114,114,96,83,92,105,108,102,89,77,83,82,77,84,86,87,92,107,123,102,70,76,103,115,113,118,122,108,97,97,98,91,88,91,90,73,72,86,77,70,80,88,88,77,76,89,71,34,29,64,98,105,97,93,102,98,88,92,102,107,104,88,84,86,89,81,70,68,70,70,70,82,81,49,22,21,21,19,23,38,49,53,58,48,36,36,104
26,12,10,24,37,37,32,24,32,43,39,22,2,-5,7,18,24,39,57,61,50,54,57,45,50,56,64,75,84,66,40,38,66,74,37,9,25,64,83,89,107,134,137,132,135,139,150,161,146,114,103,100,88,88,99,89,59,54,86,122,117,85,58,51,42,42,40,35,29,20,3,5,28,52,60,49,35,33,36,33,39,60,76,77,81,86,87,91,89,80,84,81,65,50,50,43,29,20,28,100
-3,-11,-23,-24,-12,-14,-30,-42,-41,-35,-26,-19,-14,-26,-39,-28,-24,-44,-50,-22,-7,-18,-26,-22,-13,2,26,50,50,39,26,25,36,41,45,55,65,59,45,19,8,37,75,102,112,116,122,112,100,117,141,155,144,125,134,134,106,100,123,146,138,113,90,96,92,85,81,83,87,74,52,41,41,38,28,26,32,41,56,61,67,74,71,49,28,28,55,73,71,68,52,17,-6,-7,1,2,-21,-42,-24,6,27,25,1,-7,105
56,64,60,58,53,41,37,54,80,88,74,56,56,49,37,39,42,44,41,37,36,45,65,66,50,38,45,57,65,58,56,52,45,44,42,56,73,65,25,10,41,73,82,69,51,40,34,32,34,43,50,41,34,42,68,85,86,82,83,86,68,49,68,76,69,68,87,113,124,118,102,89,88,97,100,107,109,101,98,116,139,139,121,118,136,153,161,153,148,155,165,168,161,144,136,133,128,123,124,137,152,157,103
50,33,21,27,53,54,40,34,36,49,64,66,58,52,43,39,44,48,45,49,55,69,82,90,91,81,72,71,59,45,44,56,65,56,38,24,35,53,65,68,71,81,77,59,50,72,104,100,69,56,54,48,26,16,11,8,-4,-25,-38,-36,-33,-28,-25,-17,-18,-30,-27,-23,-26,-37,-50,-50,-30,-12,0,13,16,11,13,12,12,3,-12,-21,-18,-7,0,8,10,32,65,85,65,35,11,19,39,49,52,48,43,54,75,104
60,51,37,25,41,69,75,71,76,88,89,89,91,89,85,81,80,100,118,93,67,60,73,86,88,85,84,85,90,87,82,92,104,104,102,112,118,106,97,98,104,116,115,107,108,105,91,83,77,88,93,87,80,85,82,70,70,92,108,102,101,102,107,112,105,99,91,90,82,68,61,68,80,81,58,45,52,52,49,53,64,68,64,42,26,27,35,40,37,33,37,40,33,28,38,35,21,18,34,52,101
152,156,155,147,134,139,144,135,138,137,120,102,101,115,121,114,114,123,122,112,106,103,89,88,100,116,122,130,128,114,99,101,114,115,107,98,99,99,85,73,76,83,83,73,75,87,88,81,71,66,67,71,71,69,67,76,84,86,89,92,87,83,96,115,115,98,85,97,107,108,107,102,108,116,114,113,113,106,107,121,137,133,117,104,103,112,125,137,134,124,123,134,136,121,109,109,113,106,113,100
26,25,25,36,45,41,21,11,10,19,33,40,32,21,18,22,27,35,52,68,73,67,57,45,27,16,18,27,34,38,45,57,69,70,69,80,92,90,77,61,61,71,86,92,65,22,11,36,55,55,45,43,43,36,40,64,73,68,65,57,45,42,56,77,75,64,68,88,107,107,92,85,85,93,101,100,104,114,107,88,76,69,56,53,66,80,91,102,98,74,49,27,33,40,44,49,57,72,87,81,56,66,92,106,105,103,104,105,104,93,86,91,113
123,109,77,48,41,54,64,70,89,98,71,50,49,58,54,50,59,66,45,36,35,37,41,45,36,27,32,41,49,43,40,48,53,56,55,52,48,38,42,58,56,38,24,24,36,26,9,10,27,37,22,10,19,28,32,21,12,21,40,54,48,25,16,24,38,53,59,66,65,64,68,75,82,69,54,51,67,91,87,58,54,80,97,88,73,71,71,68,64,70,85,89,81,80,84,69,58,58,33,11,21,33,37,104
43,0,-20,0,32,49,51,52,43,42,49,58,68,61,57,57,53,55,86,130,169,193,214,247,280,304,311,325,345,356,352,355,375,403,424,441,458,470,477,484,493,504,515,517,533,562,568,552,522,505,497,490,483,470,455,433,405,376,361,363,371,358,329,320,309,283,236,180,123,70,20,-21,-44,-81,-131,-167,-182,-190,-204,-220,-236,-259,-290,-310,-300,-298,-314,-333,-346,-353,-353,-353,-350,-348,-323,-307,-332,-363,-357,-323,-305,-315,-329,-322,105
1,8,23,37,50,60,67,66,58,52,50,44,50,72,80,33,-21,-21,17,48,68,81,81,56,41,55,77,89,83,65,56,61,72,67,60,58,68,89,104,96,75,56,45,39,50,69,68,45,42,57,64,58,40,25,24,29,37,34,22,16,19,23,27,28,20,7,6,17,22,25,40,59,71,76,85,86,97,106,104,93,108,133,131,118,107,122,135,124,108,107,119,129,114,101,99,102,108,103,103,114,112,105,106,104
-54,-66,-75,-94,-89,-59,-57,-89,-122,-145,-145,-126,-115,-106,-107,-117,-119,-117,-119,-120,-122,-117,-102,-86,-81,-90,-94,-84,-71,-58,-57,-65,-49,-28,-19,-3,16,23,23,21,12,3,-5,-5,-3,8,22,48,60,44,38,58,80,84,82,88,108,118,104,85,69,64,65,69,71,74,91,116,123,118,107,96,100,119,129,116,108,120,129,131,129,124,117,118,120,128,129,119,100,86,97,117,131,136,135,122,117,113,99
48,54,44,33,33,37,38,40,53,52,36,42,52,57,67,65,61,70,75,82,75,64,59,58,61,69,80,83,83,97,102,89,75,87,112,125,122,118,118,106,89,89,114,116,87,70,72,80,85,87,80,64,60,72,76,69,66,77,98,84,55,37,37,60,84,76,59,73,86,76,69,73,89,92,99,104,105,105,109,116,115,106,97,87,86,89,92,96,91,80,73,89,107,104,92,87,88,90,101,113,107,86,74,85,105
85,83,83,91,99,93,91,92,99,106,118,119,118,116,104,105,123,128,108,90,86,101,122,138,136,125,124,123,121,120,119,109,89,68,58,82,108,120,114,99,98,104,106,107,106,89,75,96,124,148,151,136,125,133,154,165,151,136,119,106,108,119,128,128,116,109,107,99,87,74,65,69,73,59,45,51,61,68,60,59,69,80,86,91,96,99,112,119,121,124,130,136,144,145,139,124,116,123,146,140,106,80,83,104
68,76,66,50,55,61,55,53,65,80,93,101,96,90,88,88,88,85,82,84,86,87,96,104,99,81,70,71,73,67,45,40,49,44,34,29,43,64,76,81,80,86,89,80,73,81,81,72,71,71,58,44,32,22,32,44,49,43,37,37,48,59,70,69,60,56,44,55,72,66,48,45,55,54,49,56,82,88,69,55,58,68,74,66,56,56,54,49,36,33,37,42,48,42,32,32,40,54,74,76,72,85,101,115,105
51,41,57,68,76,89,86,83,82,74,67,51,45,68,85,88,82,82,85,93,103,122,133,131,118,119,152,167,161,153,153,150,141,134,130,128,129,131,136,135,129,114,84,55,49,64,75,60,41,27,20,36,59,77,77,71,69,73,68,41,20,23,36,72,84,56,27,36,51,41,36,41,38,21,12,33,49,51,33,37,76,100,96,99,98,73,57,45,51,55,57,70,33,-54,-13,104,128,64,22,28,39,33,44,104
38,39,48,38,33,42,55,44,33,11,-9,-27,-34,-18,1,12,29,29,27,39,43,27,38,51,43,35,23,10,10,36,57,49,35,37,36,26,26,22,19,37,59,54,36,40,58,77,87,90,85,54,20,38,86,96,73,72,74,84,86,71,67,85,119,130,101,70,54,51,54,58,59,64,65,43,27,45,69,61,38,22,27,51,64,55,32,9,17,35,48,39,32,32,34,36,50,72,85,87,85,100
104,102,99,98,90,81,75,85,91,87,76,82,87,90,102,101,84,70,74,80,75,68,66,77,89,83,70,76,92,100,105,117,121,117,103,100,102,97,88,84,87,100,86,57,66,90,104,92,70,64,58,53,49,42,55,70,77,82,83,72,69,64,61,67,76,91,101,98,88,87,91,97,97,84,70,65,51,54,73,89,91,86,89,102,113,104,84,64,57,60,68,69,74,88,90,77,70,75,89,103,102,89,96,104
99,83,81,90,107,119,107,80,65,70,74,73,81,83,58,39,45,64,84,77,55,44,59,74,81,67,37,19,27,50,60,66,59,48,49,72,85,83,81,80,86,92,87,86,93,108,117,102,87,88,87,87,88,86,82,74,69,71,83,90,84,69,76,101,92,41,20,52,80,80,75,70,69,71,74,81,81,86,83,54,36,52,83,96,88,91,107,113,102,103,107,98,93,103,107,108,103,91,75,65,70,84,98,98,105
49,42,41,37,33,37,52,68,84,106,106,80,54,42,35,34,36,52,54,50,48,43,49,64,70,69,54,29,22,40,54,50,39,34,32,33,43,54,50,49,50,52,59,73,83,68,48,43,48,54,59,56,60,74,81,85,88,85,73,59,65,73,83,81,72,75,65,44,48,58,67,80,86,90,87,86,89,101,108,93,59,22,0,6,40,69,64,40,42,66,64,50,48,37,36,36,37,36,38,56,50,28,27,104
87,104,96,85,101,128,123,107,107,122,121,101,77,81,100,88,70,97,145,169,147,82,38,26,37,58,74,53,25,26,51,82,92,70,42,42,55,53,39,28,38,52,55,45,24,7,2,-4,-36,-53,-65,-73,-84,-85,-75,-81,-92,-83,-41,-12,-26,-49,-46,-36,-37,-45,-45,-29,-13,-11,-20,-20,-3,5,5,1,-2,10,26,36,27,18,16,18,18,18,28,59,82,69,42,39,58,77,92,98,93,81,65,61,74,82,70,55,105
41,37,19,18,29,25,19,25,32,27,19,12,22,43,61,81,89,102,113,114,113,118,116,114,113,102,105,115,99,76,66,72,81,73,64,56,51,53,61,52,45,54,56,42,36,33,32,44,59,56,48,43,45,51,56,56,56,45,27,20,12,1,-6,-7,-2,9,21,26,24,32,50,57,53,38,13,25,27,29,40,50,44,39,39,51,69,75,67,65,66,64,69,75,67,66,68,64,55,40,99
6,55,116,134,128,137,171,208,220,237,273,299,301,283,267,275,284,275,263,261,245,225,214,203,185,167,146,124,102,70,50,52,41,12,-9,-11,-4,8,12,10,16,18,4,-11,-9,4,6,5,11,5,-10,-25,-22,-12,-18,-38,-51,-39,-12,-2,-6,-9,0,16,18,17,23,24,29,41,50,48,49,52,44,33,19,21,23,27,33,40,53,66,71,82,85,83,82,85,88,98,99,89,71,56,42,38,44,57,72,74,74,104
-8,-14,-13,-3,26,55,61,55,39,16,2,7,22,33,22,-11,-37,-22,9,21,11,11,23,32,22,17,32,51,61,69,75,89,96,92,86,88,103,128,153,173,185,183,139,97,99,114,112,97,80,66,64,61,72,101,128,131,118,105,109,105,86,72,73,72,64,53,44,49,55,51,49,60,75,84,84,91,120,140,132,118,106,105,113,118,112,100,90,80,51,43,58,57,45,42,52,55,43,34,37,39,41,44,51,58,105
83,64,48,33,27,42,69,77,67,50,39,36,49,42,18,16,53,67,45,58,77,91,102,101,80,56,54,54,66,76,61,22,-13,-27,-12,32,74,91,88,75,66,68,80,101,106,86,54,38,55,81,92,106,136,155,149,154,167,156,120,102,108,107,99,113,131,118,97,97,97,81,82,101,103,83,58,51,56,70,74,70,66,42,20,7,12,21,25,59,125,182,179,156,168,178,128,67,64,101,114,81,52,41,55,104
54,49,42,38,56,89,104,106,108,124,135,133,146,140,118,97,83,81,80,90,103,113,117,120,135,147,141,124,107,103,99,92,86,77,89,119,140,134,122,120,128,121,107,100,100,88,58,57,84,93,81,56,37,16,6,51,114,139,129,115,108,116,132,138,134,123,117,93,59,44,58,107,148,136,120,123,120,97,87,92,87,59,32,36,56,51,37,48,69,67,48,40,51,73,93,104,100,84,83,89,74,64,103
101,75,57,72,102,108,108,116,118,107,80,65,81,105,112,105,107,108,104,112,116,104,103,116,118,101,85,83,84,71,49,39,41,50,68,93,106,87,61,52,73,102,106,86,66,65,74,85,72,36,3,-4,17,38,37,33,38,51,65,64,51,51,72,93,99,99,98,104,109,101,88,87,91,83,69,65,74,77,81,108,138,134,106,85,82,82,73,67,68,80,91,98,99,102,105,97,71,55,61,70,71,69,69,81,92,97,97,106,123,128,113,92,74,114
-360,-357,-414,-461,-449,-386,-326,-282,-227,-211,-212,-182,-149,-157,-179,-196,-201,-185,-168,-158,-147,-121,-101,-91,-67,-13,41,64,43,35,52,91,105,118,93,27,4,25,52,114,165,152,133,137,163,194,228,249,228,184,152,119,145,181,150,97,92,109,119,135,152,145,140,166,149,140,151,157,171,196,199,166,135,145,180,196,165,117,87,86,104,137,171,183,193,193,148,149,187,199,189,162,169,201,171,84,0,8,73,83,28,-6,105,104
0,-4,-20,-39,-52,-67,-113,-154,-158,-136,-139,-166,-181,-202,-235,-261,-274,-293,-301,-293,-283,-295,-333,-365,-343,-278,-233,-243,-267,-293,-307,-263,-204,-201,-233,-249,-230,-220,-230,-230,-219,-228,-262,-289,-280,-236,-183,-153,-157,-155,-136,-114,-106,-109,-99,-71,-41,-14,0,11,39,64,73,69,59,59,81,107,104,99,128,180,219,231,227,229,233,234,233,235,227,182,151,154,166,181,186,181,170,167,179,182,168,170,182,192,196,186,181,199,226,228,200,104
-97,-130,-157,-177,-177,-188,-215,-233,-228,-209,-199,-211,-220,-230,-260,-284,-293,-301,-322,-349,-373,-363,-337,-326,-338,-362,-378,-364,-340,-339,-355,-366,-379,-394,-401,-391,-369,-350,-344,-342,-345,-345,-343,-355,-365,-363,-342,-313,-305,-296,-276,-237,-196,-169,-186,-219,-228,-211,-183,-164,-149,-151,-158,-132,-81,-46,-29,-35,-28,-5,10,18,18,13,17,21,22,19,8,-3,-6,-7,-9,-3,5,25,51,52,12,-4,29,75,105,114,115,118,121,108,106,124,148,156,152,131,105
155,162,153,140,130,128,129,134,149,157,139,114,103,115,145,163,161,170,193,194,172,167,176,172,149,124,117,117,117,118,136,172,196,185,173,196,224,216,182,165,168,182,183,178,183,192,183,178,193,204,177,141,138,146,130,113,106,106,113,129,146,152,146,119,92,88,115,166,188,169,141,129,118,113,99,82,81,85,69,38,22,20,24,27,21,-4,-21,-18,-24,-50,-62,-43,-12,6,16,19,16,9,7,-4,-20,-36,-43,104
114,88,33,-17,-36,-33,-7,2,19,55,92,106,92,64,57,60,49,32,5,-21,-35,-36,-37,-43,-49,-53,-57,-86,-130,-131,-101,-85,-101,-121,-120,-110,-105,-97,-92,-100,-109,-132,-150,-156,-152,-130,-97,-60,-22,-9,-18,-26,-37,-24,3,11,-10,-35,-51,-50,-40,-28,-25,-34,-54,-54,-25,-14,-36,-52,-34,4,34,40,35,27,21,18,19,34,50,57,48,23,20,25,24,26,53,88,101,89,64,48,52,43,16,6,17,25,22,21,28,104
23,42,90,107,81,35,9,17,49,75,69,32,-4,-10,3,17,8,-18,-51,-69,-65,-52,-53,-58,-57,-40,-9,18,24,28,35,38,43,50,48,55,54,39,28,39,60,73,77,83,82,75,70,68,77,101,124,133,130,135,145,135,125,146,170,176,138,123,163,186,176,172,198,212,224,247,274,295,349,422,455,485,546,610,644,658,673,672,667,672,662,637,597,540,497,477,468,437,396,358,95
